1.000000000000000000e+00 3.735933333333333328e-01 5.847999999999999865e-01 3.240629999999999344e-01 3.489999999999999769e-01 3.613333333333333397e-01 3.419999999999999707e-01 4.031999999999999473e-01 2.106226666666666525e-01 3.967333333333333822e-01 -1.682666666666667596e-03 1.327846666666666897e-01 2.815666666666666318e-01 2.743800000000000128e-01 1.403466666666666751e-01 2.706666666666666665e-01 3.674666666666667053e-02 1.828200000000000103e-01 5.273333333333334316e-01 6.779999999999999916e-02 2.611999999999999877e-01 3.941333333333333355e-01 2.543866666666666498e-01 2.112266666666666737e-01 3.087333333333333041e-01 3.312533333333333996e-01 9.000666666666666815e-01 3.144933333333332914e-01 5.546000000000000929e-01 4.325333333333334362e-01 4.143333333333333868e-01 2.679866666666667063e-01 5.425666666666666138e-02 4.082666666666667221e-01 -4.230993333333333412e-02 1.737466666666666604e-01 3.617066666666667318e-01 -7.534666666666666943e-03 1.424846666666666761e-01 2.104400000000000714e-01 1.524533333333333296e-01 2.612533333333333929e-01 1.375466666666666504e-01 4.450666666666666660e-01 1.218400000000000039e-01 2.219333333333333158e-01 3.782333333333334213e-01 1.525799999999999657e-01 3.784666666666666734e-02 1.915200000000000236e-01 2.983333333333334503e-01
3.735933333333333328e-01 1.000000000000000000e+00 7.046666666666666634e-01 5.622000000000000330e-01 5.435333333333332018e-01 6.148000000000000131e-01 3.333999999999999742e-01 4.762000000000000677e-01 6.251999999999999780e-01 6.225333333333332719e-01 -3.160400000000000431e-01 -3.007199999999999873e-01 5.995333333333333625e-01 -1.478199999999999792e-01 6.163333333333332886e-01 5.501333333333333631e-01 -2.403266666666666607e-01 1.158199999999999924e-01 4.387999999999999123e-01 1.669266666666666399e-01 1.990333333333333121e-01 5.873333333333333739e-01 8.380199999999997373e-02 6.111333333333333062e-01 2.877533333333334165e-01 1.041580666666666738e-01 3.332933333333333858e-01 7.962666666666666782e-01 5.788799999999998391e-01 4.443999999999999617e-01 3.312333333333333241e-01 4.152733333333333832e-01 4.542866666666666720e-01 4.311266666666667136e-01 9.797200000000000353e-02 4.817999999999999505e-01 6.559333333333332572e-01 -3.267999999999999239e-01 -2.737333333333333285e-01 4.309999999999999387e-01 -3.610399999999999165e-01 2.515379999999999838e-01 4.047755333333334371e-01 4.019999999999999685e-01 2.021399999999999864e-01 1.758666666666666989e-01 3.745133333333333092e-01 -7.226000000000001866e-02 -2.421866666666666612e-01 5.381333333333332414e-01 2.505666666666666598e-01
5.847999999999999865e-01 7.046666666666666634e-01 1.000000000000000000e+00 4.934000000000000052e-01 4.881466666666666177e-01 5.117133333333333534e-01 2.930493333333333839e-01 3.313733333333333531e-01 5.375333333333334185e-01 5.656666666666667620e-01 -3.044999999999999929e-01 -2.154533333333333300e-01 7.576000000000000512e-01 1.817466666666667924e-02 5.020666666666666611e-01 4.843333333333334489e-01 -2.268448666666667002e-01 1.255000000000000004e-01 5.891333333333332867e-01 7.284400000000000597e-02 1.844933333333333147e-01 5.800666666666667304e-01 1.399599999999997894e-02 4.435333333333332795e-01 3.050666666666666527e-01 8.474666666666669235e-02 5.493333333333333401e-01 5.957333333333333369e-01 8.434000000000000385e-01 4.845333333333332604e-01 3.923399999999999666e-01 3.937466666666666337e-01 4.017999999999999905e-01 3.740793333333333748e-01 8.138666666666667660e-02 4.589333333333333598e-01 5.994666666666665922e-01 -3.079133333333333722e-01 -1.789333333333333054e-01 5.764666666666665717e-01 -1.503733333333333588e-01 2.113133333333333252e-01 3.880666666666667264e-01 5.115999999999999437e-01 1.166933333333333433e-01 2.170028000000000790e-01 4.797333333333332894e-01 -5.779266666666665192e-02 -2.271013333333332940e-01 4.456666666666666554e-01 2.701799999999999757e-01
3.240629999999999344e-01 5.622000000000000330e-01 4.934000000000000052e-01 1.000000000000000000e+00 4.903466666666665974e-01 4.422666666666665858e-01 2.343333333333333102e-01 3.155999999999999917e-01 3.908666666666666401e-01 5.172000000000001041e-01 -8.565066666666666662e-02 -6.628666666666666041e-02 3.540739999999999998e-01 4.540000000000000285e-02 4.012000000000000566e-01 4.039333333333334219e-01 -2.807466666666667138e-02 1.415599999999999914e-01 3.102066666666666861e-01 1.636266666666666425e-01 3.305333333333334012e-01 3.546666666666666856e-01 9.279933333333331702e-02 4.148666666666667169e-01 2.697800000000000198e-01 1.059693333333333320e-01 2.930700000000000527e-01 4.937799999999999412e-01 4.327266666666667039e-01 6.910666666666666069e-01 3.548400000000000443e-01 3.059733333333333749e-01 2.567813333333333614e-01 3.614866666666666228e-01 1.035733333333333367e-01 3.608333333333333948e-01 5.058666666666665757e-01 -1.139513333333333489e-01 -9.620666666666667644e-02 2.863800000000000234e-01 -9.828666666666667495e-02 2.391599999999999837e-01 3.287999999999999812e-01 3.059333333333333349e-01 1.612506666666666533e-01 2.821999999999998954e-01 3.003333333333333410e-01 4.944666666666665961e-02 -5.539333333333332915e-02 3.825333333333332808e-01 2.200266666666667037e-01
3.489999999999999769e-01 5.435333333333332018e-01 4.881466666666666177e-01 4.903466666666665974e-01 1.000000000000000000e+00 4.490333333333333399e-01 2.818666666666666543e-01 4.522000000000000464e-01 4.869999999999999885e-01 4.220666666666666456e-01 -1.247313333333333191e-01 -6.444666666666666599e-02 4.415599999999999525e-01 1.170959999999999918e-01 4.721333333333333493e-01 6.181999999999998607e-01 -8.389333333333333365e-02 1.226799999999999974e-01 2.652399999999999758e-01 -7.013333333333334092e-03 3.658000000000000140e-01 4.083200000000000163e-01 2.041133333333333411e-01 4.948666666666666769e-01 4.825333333333333558e-02 6.090133333333334203e-02 2.724533333333333252e-01 4.032000000000000584e-01 3.942666666666666542e-01 3.445753333333333446e-01 4.793333333333332780e-01 1.980666666666666687e-01 2.242486666666666517e-01 3.115600000000000036e-01 -2.897400000000000322e-02 2.994866666666667343e-01 4.245333333333333181e-01 -1.252666666666666928e-01 -4.476333333333334247e-02 2.724635999999999725e-01 -1.059866666666666873e-01 2.384700000000000153e-01 2.449266666666666536e-01 2.334933333333333860e-01 3.224666666666660842e-03 2.165179999999999605e-01 2.277533333333333354e-01 -3.426666666666667443e-02 -1.403999999999999970e-01 3.195333333333332804e-01 3.016666666666666455e-02
3.613333333333333397e-01 6.148000000000000131e-01 5.117133333333333534e-01 4.422666666666665858e-01 4.490333333333333399e-01 1.000000000000000000e+00 4.403333333333334099e-01 4.267799999999999927e-01 3.907333333333333769e-01 4.467200000000000060e-01 -8.830000000000000349e-02 -4.728133333333333493e-02 4.594066666666666299e-01 1.911459999999999826e-01 3.107333333333333059e-01 4.759999999999999787e-01 -1.151746666666666682e-02 2.369999999999999885e-02 2.887333333333332863e-01 1.658719999999999639e-01 2.974773333333333158e-01 5.351333333333333497e-01 2.588866666666667649e-01 3.923333333333333672e-01 2.740333333333333510e-01 1.235333333333333145e-01 2.070866666666666411e-01 2.960133333333333505e-01 2.557466666666666777e-01 2.873533333333332940e-01 2.049933333333333330e-01 1.157786666666666547e-01 -1.674866666666668252e-02 3.027333333333332988e-01 -1.504660000000000164e-01 1.528666666666666785e-01 3.297999999999999821e-01 -1.178733333333333161e-01 -1.114453333333333546e-01 4.596000000000000779e-02 -3.243466666666667275e-01 2.889600000000000501e-01 -7.093333333333329965e-03 3.135333333333333306e-01 1.762999999999999845e-01 -1.669999999999999957e-02 6.646000000000000518e-02 -2.016393333333333648e-01 -2.449600000000000111e-01 1.117133333333333312e-01 2.404733333333333445e-01
3.419999999999999707e-01 3.333999999999999742e-01 2.930493333333333839e-01 2.343333333333333102e-01 2.818666666666666543e-01 4.403333333333334099e-01 1.000000000000000000e+00 2.738866666666666672e-01 1.900800000000000545e-01 2.722466666666666368e-01 4.397999999999999826e-02 1.335060000000000136e-01 1.847959999999999881e-01 2.884553333333333414e-01 1.712466666666666582e-01 2.521486666666666321e-01 4.299333333333332785e-02 4.723333333333332856e-02 1.506759999999999766e-01 1.862133333333333141e-01 3.364000000000000878e-01 4.690000000000000835e-01 5.299333333333333673e-01 3.036599999999999855e-01 1.642800000000000094e-01 1.532605999999999691e-01 2.303466666666666440e-01 1.336786666666666401e-01 1.130266666666666642e-01 1.530133333333333345e-01 1.585726666666666396e-01 2.136466666666666028e-02 -7.705333333333334866e-02 2.080466666666666298e-01 -2.310266666666666857e-01 -3.647999999999999854e-02 1.331519999999999926e-01 4.840866666666667623e-02 1.226199999999999929e-01 -7.762666666666666326e-02 -4.779933333333333950e-02 2.950666666666667548e-01 -1.123546666666666582e-01 1.415399999999999991e-01 1.422799999999999898e-01 9.408666666666665179e-02 1.578733333333333377e-01 1.451266666666666538e-01 4.361333333333333381e-03 6.253333333333331578e-02 1.404266666666666441e-01
4.031999999999999473e-01 4.762000000000000677e-01 3.313733333333333531e-01 3.155999999999999917e-01 4.522000000000000464e-01 4.267799999999999927e-01 2.738866666666666672e-01 1.000000000000000000e+00 3.195333333333333914e-01 5.035333333333333883e-01 8.987333333333331897e-02 1.500599999999999989e-01 2.441000000000000392e-01 1.519266666666666543e-01 2.559066666666666712e-01 4.429999999999999494e-01 1.397066666666666734e-01 4.632199999999999096e-01 2.986000000000000321e-01 1.896199999999999622e-02 3.194666666666667321e-01 2.925533333333333319e-01 2.624799999999999911e-01 4.147333333333333427e-01 1.649400000000000033e-01 2.925999999999999712e-01 3.498000000000000553e-01 4.437333333333332575e-01 2.837266666666666826e-01 3.159333333333333993e-01 4.267333333333332979e-01 3.326600000000000112e-01 1.412660000000000027e-01 6.787333333333332996e-01 1.128338666666666712e-01 2.863266666666666738e-01 4.857333333333333503e-01 4.413333333333333691e-02 9.201333333333332198e-02 1.901199999999999835e-01 4.870666666666667588e-02 3.464666666666666450e-01 2.875066666666666881e-01 3.023933333333333473e-01 9.491266666666665908e-02 2.960333333333333150e-01 2.498199999999999865e-01 1.673399999999999888e-01 1.241933333333333084e-01 3.220666666666666123e-01 1.399200000000000166e-01
2.106226666666666525e-01 6.251999999999999780e-01 5.375333333333334185e-01 3.908666666666666401e-01 4.869999999999999885e-01 3.907333333333333769e-01 1.900800000000000545e-01 3.195333333333333914e-01 1.000000000000000000e+00 5.512666666666667936e-01 -4.185600000000000431e-01 -3.316666666666667207e-01 5.377333333333332854e-01 -4.465999999999999831e-02 6.419999999999999041e-01 7.070000000000000728e-01 -3.632866666666665911e-01 6.915000000000000313e-02 3.204133333333333278e-01 1.037800000000005385e-03 3.348419999999999730e-01 4.475333333333333385e-01 2.103333333333333444e-02 6.831333333333334812e-01 1.013333333333333169e-01 -2.117999999999999744e-02 1.513800000000000423e-01 4.846666666666666901e-01 4.395333333333332759e-01 2.525933333333333364e-01 2.208733333333333104e-01 1.660735999999999601e-01 4.331333333333332591e-01 2.863733333333333131e-01 -2.428733333333332745e-02 6.226000000000001533e-01 6.136666666666666936e-01 -3.992466666666666386e-01 -2.570000000000000062e-01 3.794000000000000150e-01 -2.718666666666667009e-01 2.723399999999999710e-01 3.446399999999999464e-01 2.984666666666667134e-01 4.946666666666659981e-03 2.224666666666667014e-01 2.253933333333333344e-01 -1.969846666666666413e-01 -3.818000000000000282e-01 5.769333333333332980e-01 9.384333333333333416e-02
3.967333333333333822e-01 6.225333333333332719e-01 5.656666666666667620e-01 5.172000000000001041e-01 4.220666666666666456e-01 4.467200000000000060e-01 2.722466666666666368e-01 5.035333333333333883e-01 5.512666666666667936e-01 1.000000000000000000e+00 -3.472200000000000980e-02 4.980000000000021302e-04 4.536533333333334084e-01 6.062666666666665510e-02 4.771333333333333537e-01 5.140666666666666718e-01 2.226666666666667765e-02 2.697599999999999443e-01 4.471999999999999309e-01 2.178573333333333473e-01 4.079333333333333145e-01 3.878199999999999426e-01 1.698533333333333284e-01 5.738666666666667471e-01 3.987999999999999323e-01 2.042600000000000249e-01 3.787533333333332752e-01 5.824666666666665771e-01 5.044666666666667298e-01 4.949600000000000111e-01 4.057333333333332792e-01 3.743999999999998440e-01 2.663333333333333663e-01 5.193333333333333135e-01 1.333266666666666767e-01 4.666666666666666741e-01 8.059999999999999387e-01 -5.411333333333333273e-02 -3.045999999999999056e-02 3.390799999999999925e-01 -3.896000000000000157e-02 3.224666666666666237e-01 4.402000000000000357e-01 4.319333333333333358e-01 2.961466666666666692e-01 3.821333333333333249e-01 3.343333333333333157e-01 1.193826666666666508e-01 3.080000000000000099e-02 5.138666666666666938e-01 3.366466666666666496e-01
-1.682666666666667596e-03 -3.160400000000000431e-01 -3.044999999999999929e-01 -8.565066666666666662e-02 -1.247313333333333191e-01 -8.830000000000000349e-02 4.397999999999999826e-02 8.987333333333331897e-02 -4.185600000000000431e-01 -3.472200000000000980e-02 1.000000000000000000e+00 7.905999999999998584e-01 -3.366399999999999948e-01 3.577333333333333476e-01 -3.198540000000000272e-01 -4.317226666666666018e-02 8.944666666666664101e-01 2.022703333333333298e-01 -1.505106666666667092e-01 7.941733333333332590e-02 2.256466666666666898e-01 -2.929733333333333634e-01 4.818666666666666654e-01 2.967333333333332587e-02 2.819333333333333066e-02 1.478799999999999837e-01 -2.503333333333333105e-02 -3.005866666666666687e-01 -3.297466666666666879e-01 -6.190933333333333705e-02 2.396666666666667084e-02 -1.996766666666666412e-01 -5.452666666666666773e-01 4.375999999999999335e-02 -7.901333333333333819e-02 -4.193999999999999395e-01 -1.781866666666666599e-01 9.379333333333333966e-01 6.968666666666667453e-01 -4.291800000000000614e-01 3.243266666666666520e-01 1.556333333333333180e-01 -7.648000000000000631e-02 -5.373266666666665775e-02 3.191333333333333522e-02 1.056200000000000055e-01 -2.815733333333333421e-01 3.833066666666666844e-01 7.162666666666666071e-01 -1.720799999999999830e-01 3.245799999999998686e-02
1.327846666666666897e-01 -3.007199999999999873e-01 -2.154533333333333300e-01 -6.628666666666666041e-02 -6.444666666666666599e-02 -4.728133333333333493e-02 1.335060000000000136e-01 1.500599999999999989e-01 -3.316666666666667207e-01 4.980000000000021302e-04 7.905999999999998584e-01 1.000000000000000000e+00 -3.041200000000000014e-01 5.765333333333334531e-01 -3.287133333333333018e-01 -4.354000000000000231e-02 7.122000000000000552e-01 2.477133333333333409e-01 -1.123133333333333345e-01 3.888666666666665966e-02 3.038333333333333441e-01 -2.246666666666666534e-01 6.017333333333334533e-01 4.573333333333332897e-03 1.526666666666666840e-03 2.244299999999999906e-01 1.189360000000000001e-01 -2.702866666666666196e-01 -2.182133333333333425e-01 -2.583333333333333662e-02 1.197799999999999976e-01 -1.726466666666666427e-01 -4.459400000000000031e-01 9.449333333333333196e-02 -9.930133333333333867e-02 -3.182073333333333420e-01 -1.546406666666667040e-01 7.162666666666666071e-01 7.395333333333333758e-01 -3.531199999999999894e-01 4.134666666666666490e-01 1.078820000000000195e-01 -1.180999999999999966e-01 -5.030533333333333385e-02 8.073333333333376337e-04 1.762733333333333652e-01 -1.956666666666666277e-01 4.802133333333333254e-01 5.630666666666666043e-01 -1.589866666666666650e-01 -8.253999999999995715e-03
2.815666666666666318e-01 5.995333333333333625e-01 7.576000000000000512e-01 3.540739999999999998e-01 4.415599999999999525e-01 4.594066666666666299e-01 1.847959999999999881e-01 2.441000000000000392e-01 5.377333333333332854e-01 4.536533333333334084e-01 -3.366399999999999948e-01 -3.041200000000000014e-01 1.000000000000000000e+00 -4.378000000000000641e-02 5.468666666666666121e-01 5.575333333333334362e-01 -2.520266666666666766e-01 5.628000000000001057e-02 4.719273333333333098e-01 2.444266666666666463e-02 2.287333333333333718e-01 6.948666666666666325e-01 -1.986333333333333007e-02 4.689333333333333687e-01 2.868000000000000549e-01 -2.826666666666666217e-02 2.230866666666666553e-01 4.442000000000000393e-01 5.661333333333332662e-01 2.473859999999999670e-01 1.839533333333333298e-01 1.784439999999999915e-01 3.268466666666666187e-01 2.438199999999999812e-01 1.280066666666667026e-02 3.744666666666666699e-01 4.701333333333333475e-01 -3.430200000000000471e-01 -2.694059999999999788e-01 5.843333333333333712e-01 -2.869346666666666157e-01 1.875799999999999967e-01 3.232000000000000428e-01 4.672666666666666635e-01 7.053333333333333677e-02 1.564106666666666423e-01 3.505599999999999827e-01 -2.085600000000000231e-01 -3.311333333333333351e-01 3.634666666666666046e-01 2.445400000000000351e-01
2.743800000000000128e-01 -1.478199999999999792e-01 1.817466666666667924e-02 4.540000000000000285e-02 1.170959999999999918e-01 1.911459999999999826e-01 2.884553333333333414e-01 1.519266666666666543e-01 -4.465999999999999831e-02 6.062666666666665510e-02 3.577333333333333476e-01 5.765333333333334531e-01 -4.378000000000000641e-02 1.000000000000000000e+00 -1.169199999999999962e-01 1.946733333333332816e-01 3.543399999999999328e-01 1.189733333333333337e-01 -3.124686666666666446e-02 6.472800000000002163e-02 3.707999999999999630e-01 3.731999999999999901e-02 5.800666666666667304e-01 1.025613333333333238e-01 5.147266666666665963e-02 1.692066666666666441e-01 1.563326666666666476e-01 -2.900933333333333142e-01 -1.101533333333333531e-01 1.714000000000000246e-02 9.137613333333333143e-02 -3.341350666666667024e-01 -4.152933333333332921e-01 8.563133333333335095e-02 -2.379173333333333140e-01 -2.203933333333333300e-01 -1.299600000000000199e-01 3.063333333333332908e-01 3.837066666666666404e-01 -3.023266666666666880e-01 3.476533333333333142e-01 1.601126666666667087e-01 -2.436340000000000172e-01 1.995333333333332987e-02 2.792906666666667218e-02 5.399200000000001221e-02 -2.165133333333333632e-01 1.435133333333333261e-01 1.242585999999999830e-01 -1.684400000000000064e-01 2.192206666666667372e-02
1.403466666666666751e-01 6.163333333333332886e-01 5.020666666666666611e-01 4.012000000000000566e-01 4.721333333333333493e-01 3.107333333333333059e-01 1.712466666666666582e-01 2.559066666666666712e-01 6.419999999999999041e-01 4.771333333333333537e-01 -3.198540000000000272e-01 -3.287133333333333018e-01 5.468666666666666121e-01 -1.169199999999999962e-01 1.000000000000000000e+00 6.034666666666665957e-01 -2.619266666666666410e-01 5.852000000000000257e-02 2.609199999999999298e-01 -1.459333333333330930e-03 2.473266666666667224e-01 4.497333333333333183e-01 -2.776666666666665825e-02 7.044666666666666854e-01 7.103333333333333721e-02 -3.987993333333332731e-03 1.037099999999999966e-01 5.345333333333334158e-01 4.277333333333332988e-01 2.544679999999999720e-01 2.071266666666666534e-01 1.778666666666666729e-01 4.529353333333333009e-01 1.905666666666666620e-01 9.792266666666665786e-02 4.613333333333333175e-01 5.722000000000000419e-01 -3.301600000000000090e-01 -3.227599999999999358e-01 4.153333333333333877e-01 -3.403133333333333566e-01 1.653466666666666696e-01 4.682666666666667199e-01 2.471333333333333160e-01 1.944000000000000242e-02 2.156240000000000379e-01 2.732066666666667087e-01 -1.663066666666666582e-01 -3.038866666666666938e-01 6.009333333333333194e-01 5.222800000000000359e-02
2.706666666666666665e-01 5.501333333333333631e-01 4.843333333333334489e-01 4.039333333333334219e-01 6.181999999999998607e-01 4.759999999999999787e-01 2.521486666666666321e-01 4.429999999999999494e-01 7.070000000000000728e-01 5.140666666666666718e-01 -4.317226666666666018e-02 -4.354000000000000231e-02 5.575333333333334362e-01 1.946733333333332816e-01 6.034666666666665957e-01 1.000000000000000000e+00 9.733333333333331686e-03 1.198333333333333195e-01 3.126666666666667038e-01 -4.814666666666666400e-02 4.804133333333331923e-01 4.574000000000000288e-01 2.905266666666666553e-01 8.019333333333331648e-01 1.231333333333333169e-01 4.821333333333333027e-02 1.280333333333333046e-01 3.206466666666666909e-01 2.879266666666666641e-01 2.390466666666666573e-01 2.700666666666666771e-01 -1.726666666666659775e-03 1.130000000000000032e-01 3.114800000000000901e-01 -1.380933333333333457e-01 3.385433333333333072e-01 4.849999999999999867e-01 -2.400000000000000050e-02 2.741599999999997858e-02 1.960466666666666746e-01 -1.603999999999999870e-01 4.299333333333333340e-01 3.120533333333333492e-01 3.316666666666667207e-01 -1.560666666666666799e-02 2.084679999999999866e-01 7.900000000000000078e-02 -1.379213333333333125e-01 -1.611533333333333429e-01 4.675333333333334118e-01 1.225593333333333396e-01
3.674666666666667053e-02 -2.403266666666666607e-01 -2.268448666666667002e-01 -2.807466666666667138e-02 -8.389333333333333365e-02 -1.151746666666666682e-02 4.299333333333332785e-02 1.397066666666666734e-01 -3.632866666666665911e-01 2.226666666666667765e-02 8.944666666666664101e-01 7.122000000000000552e-01 -2.520266666666666766e-01 3.543399999999999328e-01 -2.619266666666666410e-01 9.733333333333331686e-03 1.000000000000000000e+00 2.437600000000000322e-01 -8.494199999999998973e-02 8.572266666666668311e-02 2.477260000000000018e-01 -2.212800000000000045e-01 4.234733333333332572e-01 5.972000000000000225e-02 5.413800000000000556e-02 1.478413333333333524e-01 9.373333333333329007e-03 -2.306400000000000117e-01 -2.649400000000000643e-01 -8.040666666666662979e-03 5.225333333333333913e-02 -1.620066666666666599e-01 -4.971333333333333160e-01 1.006866666666666466e-01 -3.511466666666666209e-02 -3.437160000000000215e-01 -1.146280000000000215e-01 8.334666666666664669e-01 5.897333333333333316e-01 -3.544266666666667231e-01 2.579533333333333678e-01 1.799926666666666897e-01 -1.970666666666666400e-02 -3.377999999999998192e-03 4.651333333333333014e-02 1.049866666666666587e-01 -2.471266666666666889e-01 3.189466666666666561e-01 6.630666666666666931e-01 -1.322306666666666908e-01 4.511200000000000626e-02
1.828200000000000103e-01 1.158199999999999924e-01 1.255000000000000004e-01 1.415599999999999914e-01 1.226799999999999974e-01 2.369999999999999885e-02 4.723333333333332856e-02 4.632199999999999096e-01 6.915000000000000313e-02 2.697599999999999443e-01 2.022703333333333298e-01 2.477133333333333409e-01 5.628000000000001057e-02 1.189733333333333337e-01 5.852000000000000257e-02 1.198333333333333195e-01 2.437600000000000322e-01 1.000000000000000000e+00 1.619666666666666477e-01 6.354666666666666797e-02 2.061733333333332918e-01 2.255466666666666384e-02 1.138799999999999951e-01 1.895066666666666566e-01 1.374000000000000221e-01 1.419866666666666499e-01 2.260999999999999954e-01 2.632666666666666488e-01 1.753686666666666449e-01 2.253333333333333577e-01 2.973999999999999422e-01 2.562466666666666226e-01 1.550466666666666937e-01 4.356666666666667020e-01 2.622999999999999776e-01 2.305406666666666438e-01 3.018000000000000127e-01 1.350573333333333348e-01 1.347900000000000487e-01 1.782866666666666766e-01 1.976733333333333398e-01 2.628133333333333432e-01 3.544066666666667031e-01 1.986066666666666258e-01 7.163333333333334052e-02 3.673333333333333450e-01 1.875600000000000045e-01 2.892666666666666164e-01 3.092666666666666897e-01 2.885326666666667150e-01 1.029199999999999698e-01
5.273333333333334316e-01 4.387999999999999123e-01 5.891333333333332867e-01 3.102066666666666861e-01 2.652399999999999758e-01 2.887333333333332863e-01 1.506759999999999766e-01 2.986000000000000321e-01 3.204133333333333278e-01 4.471999999999999309e-01 -1.505106666666667092e-01 -1.123133333333333345e-01 4.719273333333333098e-01 -3.124686666666666446e-02 2.609199999999999298e-01 3.126666666666667038e-01 -8.494199999999998973e-02 1.619666666666666477e-01 1.000000000000000000e+00 8.184666666666666479e-02 1.502600000000000324e-01 4.357333333333332503e-01 1.593333333333333407e-02 2.677133333333332477e-01 5.380666666666666931e-01 1.230933333333333324e-01 5.478666666666666130e-01 4.100666666666666349e-01 5.621399999999998620e-01 4.105999999999999650e-01 2.598133333333332851e-01 3.628000000000000114e-01 2.102733333333333121e-01 3.426666666666667305e-01 1.105533333333333368e-01 3.533999999999999919e-01 4.745999999999999663e-01 -1.587033333333333351e-01 -6.361333333333332729e-02 4.092600000000000127e-01 2.290666666666666892e-02 2.048266666666666569e-01 3.364733333333333465e-01 7.530000000000001137e-01 1.530333333333333268e-01 2.424000000000000044e-01 4.808000000000000052e-01 9.970013333333332950e-02 -3.356133333333333191e-02 3.450800000000000534e-01 5.010666666666666602e-01
6.779999999999999916e-02 1.669266666666666399e-01 7.284400000000000597e-02 1.636266666666666425e-01 -7.013333333333334092e-03 1.658719999999999639e-01 1.862133333333333141e-01 1.896199999999999622e-02 1.037800000000005385e-03 2.178573333333333473e-01 7.941733333333332590e-02 3.888666666666665966e-02 2.444266666666666463e-02 6.472800000000002163e-02 -1.459333333333330930e-03 -4.814666666666666400e-02 8.572266666666668311e-02 6.354666666666666797e-02 8.184666666666666479e-02 1.000000000000000000e+00 8.302666666666665141e-02 4.908666666666666040e-02 1.196866666666666773e-01 3.291000000000000175e-02 4.035199999999999898e-01 9.056200000000001749e-02 7.179333333333334788e-02 7.763333333333334585e-02 1.881657333333332585e-02 1.457033333333333791e-01 -5.921333333333333310e-02 1.534866666666666671e-02 -1.202679999999999999e-01 1.029633333333333095e-01 -3.783000000000000251e-02 -3.361666666666666275e-02 4.996933333333333088e-02 6.964773333333333649e-02 1.036733333333333604e-02 -7.003733333333334032e-02 3.190799999999999886e-02 1.349533333333333140e-01 -3.254133333333333183e-02 1.035466666666666896e-01 8.230666666666665021e-01 2.248733333333334181e-02 -2.953866666666666446e-02 1.425999999999999837e-02 6.044799999999999479e-02 -2.892000000000000126e-02 2.852866666666666884e-01
2.611999999999999877e-01 1.990333333333333121e-01 1.844933333333333147e-01 3.305333333333334012e-01 3.658000000000000140e-01 2.974773333333333158e-01 3.364000000000000878e-01 3.194666666666667321e-01 3.348419999999999730e-01 4.079333333333333145e-01 2.256466666666666898e-01 3.038333333333333441e-01 2.287333333333333718e-01 3.707999999999999630e-01 2.473266666666667224e-01 4.804133333333331923e-01 2.477260000000000018e-01 2.061733333333332918e-01 1.502600000000000324e-01 8.302666666666665141e-02 1.000000000000000000e+00 3.453399999999999803e-01 4.633333333333332638e-01 4.887799999999999923e-01 1.263333333333333253e-01 1.238293333333333190e-01 1.676266666666666738e-01 6.910666666666667735e-02 7.353400000000000214e-02 2.181200000000000083e-01 2.632266666666666644e-01 -6.883333333333332971e-02 -1.272800000000000042e-01 2.869133333333332980e-01 -2.040466666666666262e-01 8.156399999999999761e-02 2.685333333333333461e-01 2.043333333333333390e-01 2.424199999999999966e-01 -7.000000000000029202e-04 7.601333333333332165e-02 4.219333333333333269e-01 4.880666666666665793e-02 1.436333333333333351e-01 4.306799999999999518e-02 4.649839999999999529e-01 8.979866666666665165e-02 1.496166666666666478e-01 1.288999999999999591e-01 2.205200000000000216e-01 9.545999999999994767e-02
3.941333333333333355e-01 5.873333333333333739e-01 5.800666666666667304e-01 3.546666666666666856e-01 4.083200000000000163e-01 5.351333333333333497e-01 4.690000000000000835e-01 2.925533333333333319e-01 4.475333333333333385e-01 3.878199999999999426e-01 -2.929733333333333634e-01 -2.246666666666666534e-01 6.948666666666666325e-01 3.731999999999999901e-02 4.497333333333333183e-01 4.574000000000000288e-01 -2.212800000000000045e-01 2.255466666666666384e-02 4.357333333333332503e-01 4.908666666666666040e-02 3.453399999999999803e-01 1.000000000000000000e+00 2.117400000000000948e-01 4.827333333333332366e-01 3.639333333333333864e-01 9.625333333333332964e-02 2.852666666666666684e-01 3.544266666666666676e-01 3.655333333333332657e-01 1.973420666666667045e-01 1.423726666666666751e-01 1.080333333333333423e-01 1.761906666666666899e-01 1.988260000000000305e-01 -1.255799999999999972e-01 2.164493333333332992e-01 3.477066666666666639e-01 -3.078733333333333322e-01 -2.086666666666666670e-01 3.260199999999999765e-01 -3.093599999999999683e-01 2.419599999999999806e-01 1.085266666666666602e-01 4.121333333333333515e-01 1.042486666666666700e-01 1.646933333333333027e-01 4.735333333333333061e-01 -9.972000000000000308e-02 -2.766000000000000125e-01 2.968419999999999948e-01 3.343999999999999750e-01
2.543866666666666498e-01 8.380199999999997373e-02 1.399599999999997894e-02 9.279933333333331702e-02 2.041133333333333411e-01 2.588866666666667649e-01 5.299333333333333673e-01 2.624799999999999911e-01 2.103333333333333444e-02 1.698533333333333284e-01 4.818666666666666654e-01 6.017333333333334533e-01 -1.986333333333333007e-02 5.800666666666667304e-01 -2.776666666666665825e-02 2.905266666666666553e-01 4.234733333333332572e-01 1.138799999999999951e-01 1.593333333333333407e-02 1.196866666666666773e-01 4.633333333333332638e-01 2.117400000000000948e-01 1.000000000000000000e+00 3.415600000000000303e-01 1.425493333333333335e-01 2.080333333333333479e-01 1.237266666666666654e-01 -1.250980000000000147e-01 -1.693066666666666886e-01 8.746666666666669948e-03 9.799066666666664260e-02 -2.333080000000000154e-01 -3.966999999999999971e-01 1.290339999999999820e-01 -3.433333333333333792e-01 -2.757066666666666555e-01 -4.819333333333333802e-02 4.755333333333334189e-01 5.427999999999999492e-01 -3.710533333333332906e-01 1.718399999999999928e-01 3.359400000000000164e-01 -2.308213333333334061e-01 4.044933333333333714e-02 4.525333333333334679e-02 8.241333333333332456e-02 -1.202333333333333448e-01 4.014666666666666939e-01 2.768626666666667568e-01 -6.040133333333334159e-02 1.315719999999999945e-01
2.112266666666666737e-01 6.111333333333333062e-01 4.435333333333332795e-01 4.148666666666667169e-01 4.948666666666666769e-01 3.923333333333333672e-01 3.036599999999999855e-01 4.147333333333333427e-01 6.831333333333334812e-01 5.738666666666667471e-01 2.967333333333332587e-02 4.573333333333332897e-03 4.689333333333333687e-01 1.025613333333333238e-01 7.044666666666666854e-01 8.019333333333331648e-01 5.972000000000000225e-02 1.895066666666666566e-01 2.677133333333332477e-01 3.291000000000000175e-02 4.887799999999999923e-01 4.827333333333332366e-01 3.415600000000000303e-01 1.000000000000000000e+00 1.765333333333333476e-01 1.019980000000000192e-01 1.223226666666666629e-01 4.507333333333332637e-01 2.918000000000000593e-01 2.224933333333333763e-01 2.398266666666666880e-01 6.793000000000000427e-02 2.336333333333333317e-01 3.061666666666666980e-01 -2.868666666666668322e-02 3.546200000000000463e-01 5.586666666666667558e-01 1.449600000000000888e-02 1.370393333333333637e-02 1.872600000000000098e-01 -2.301333333333333842e-01 4.032666666666666067e-01 4.209333333333333260e-01 2.989999999999999880e-01 3.556000000000000827e-02 2.979799999999999671e-01 1.800266666666666682e-01 1.929333333333333594e-02 -4.204666666666666969e-02 6.871333333333333737e-01 1.672133333333333804e-01
3.087333333333333041e-01 2.877533333333334165e-01 3.050666666666666527e-01 2.697800000000000198e-01 4.825333333333333558e-02 2.740333333333333510e-01 1.642800000000000094e-01 1.649400000000000033e-01 1.013333333333333169e-01 3.987999999999999323e-01 2.819333333333333066e-02 1.526666666666666840e-03 2.868000000000000549e-01 5.147266666666665963e-02 7.103333333333333721e-02 1.231333333333333169e-01 5.413800000000000556e-02 1.374000000000000221e-01 5.380666666666666931e-01 4.035199999999999898e-01 1.263333333333333253e-01 3.639333333333333864e-01 1.425493333333333335e-01 1.765333333333333476e-01 1.000000000000000000e+00 1.308600000000000041e-01 3.099133333333333185e-01 2.213400000000000090e-01 2.197733333333333483e-01 2.930533333333332768e-01 3.600666666666666599e-02 1.740813333333333379e-01 -3.448066666666667335e-02 1.941000000000000503e-01 8.880638400000001598e-02 1.210920000000000191e-01 2.927133333333333254e-01 9.435999999999999943e-03 1.314666666666667282e-02 8.956000000000000072e-02 3.050933333333333622e-02 1.860200000000000187e-01 1.653266666666666496e-01 5.627999999999999670e-01 4.514666666666665717e-01 1.349066666666666747e-01 2.836800000000000432e-01 1.466026666666666867e-01 7.992066666666668151e-02 1.837599999999999789e-01 9.220000000000000417e-01
3.312533333333333996e-01 1.041580666666666738e-01 8.474666666666669235e-02 1.059693333333333320e-01 6.090133333333334203e-02 1.235333333333333145e-01 1.532605999999999691e-01 2.925999999999999712e-01 -2.117999999999999744e-02 2.042600000000000249e-01 1.478799999999999837e-01 2.244299999999999906e-01 -2.826666666666666217e-02 1.692066666666666441e-01 -3.987993333333332731e-03 4.821333333333333027e-02 1.478413333333333524e-01 1.419866666666666499e-01 1.230933333333333324e-01 9.056200000000001749e-02 1.238293333333333190e-01 9.625333333333332964e-02 2.080333333333333479e-01 1.019980000000000192e-01 1.308600000000000041e-01 1.000000000000000000e+00 3.004133333333333655e-01 1.047666666666666607e-01 7.280866666666668818e-02 1.929313333333332880e-01 1.782370666666666659e-01 8.428266666666667239e-02 -6.721933333333332539e-02 2.378000000000000114e-01 1.961866666666666620e-02 -7.162666666666660069e-03 1.083866666666666867e-01 1.215725399999999790e-01 1.294866666666666666e-01 -4.528666666666666951e-02 1.302800000000000069e-01 1.460584000000000049e-01 6.151333333333334347e-02 1.212079999999999963e-01 1.400480000000000058e-01 8.033333333333333992e-02 1.286266666666666669e-01 1.835933333333333306e-01 1.544179999999999997e-01 8.686000000000000665e-02 1.417066666666666752e-01
9.000666666666666815e-01 3.332933333333333858e-01 5.493333333333333401e-01 2.930700000000000527e-01 2.724533333333333252e-01 2.070866666666666411e-01 2.303466666666666440e-01 3.498000000000000553e-01 1.513800000000000423e-01 3.787533333333332752e-01 -2.503333333333333105e-02 1.189360000000000001e-01 2.230866666666666553e-01 1.563326666666666476e-01 1.037099999999999966e-01 1.280333333333333046e-01 9.373333333333329007e-03 2.260999999999999954e-01 5.478666666666666130e-01 7.179333333333334788e-02 1.676266666666666738e-01 2.852666666666666684e-01 1.237266666666666654e-01 1.223226666666666629e-01 3.099133333333333185e-01 3.004133333333333655e-01 1.000000000000000000e+00 4.133600000000000052e-01 6.475333333333332941e-01 4.782666666666665622e-01 4.630666666666666820e-01 4.478733333333334010e-01 1.990599999999999870e-01 4.502666666666667039e-01 1.275466666666666693e-01 2.711999999999999966e-01 4.045666666666666855e-01 -3.992666666666665892e-02 1.252460000000000240e-01 3.527333333333333432e-01 2.485333333333333283e-01 1.696673333333333367e-01 2.830000000000000848e-01 4.645333333333332981e-01 1.409533333333333194e-01 3.224000000000001309e-01 5.173333333333333117e-01 2.892000000000000126e-01 1.275366666666666593e-01 2.739866666666666561e-01 3.049999999999999933e-01
3.144933333333332914e-01 7.962666666666666782e-01 5.957333333333333369e-01 4.937799999999999412e-01 4.032000000000000584e-01 2.960133333333333505e-01 1.336786666666666401e-01 4.437333333333332575e-01 4.846666666666666901e-01 5.824666666666665771e-01 -3.005866666666666687e-01 -2.702866666666666196e-01 4.442000000000000393e-01 -2.900933333333333142e-01 5.345333333333334158e-01 3.206466666666666909e-01 -2.306400000000000117e-01 2.632666666666666488e-01 4.100666666666666349e-01 7.763333333333334585e-02 6.910666666666667735e-02 3.544266666666666676e-01 -1.250980000000000147e-01 4.507333333333332637e-01 2.213400000000000090e-01 1.047666666666666607e-01 4.133600000000000052e-01 1.000000000000000000e+00 6.980666666666668352e-01 5.314666666666666428e-01 4.713333333333334374e-01 7.240666666666668583e-01 7.181333333333334012e-01 5.567333333333333023e-01 4.060666666666666869e-01 6.513333333333334307e-01 7.583999999999999631e-01 -3.323800000000000088e-01 -2.709499999999999686e-01 6.513333333333333197e-01 -1.435066666666666990e-01 1.178599999999999787e-01 6.842000000000000304e-01 3.879333333333334077e-01 1.607399999999999940e-01 3.634666666666667156e-01 5.795999999999998931e-01 1.759333333333333582e-01 -2.438000000000000236e-02 6.788666666666665073e-01 1.975400000000000211e-01
5.546000000000000929e-01 5.788799999999998391e-01 8.434000000000000385e-01 4.327266666666667039e-01 3.942666666666666542e-01 2.557466666666666777e-01 1.130266666666666642e-01 2.837266666666666826e-01 4.395333333333332759e-01 5.044666666666667298e-01 -3.297466666666666879e-01 -2.182133333333333425e-01 5.661333333333332662e-01 -1.101533333333333531e-01 4.277333333333332988e-01 2.879266666666666641e-01 -2.649400000000000643e-01 1.753686666666666449e-01 5.621399999999998620e-01 1.881657333333332585e-02 7.353400000000000214e-02 3.655333333333332657e-01 -1.693066666666666886e-01 2.918000000000000593e-01 2.197733333333333483e-01 7.280866666666668818e-02 6.475333333333332941e-01 6.980666666666668352e-01 1.000000000000000000e+00 5.695533333333332449e-01 5.182666666666666533e-01 6.132666666666666266e-01 5.828000000000000957e-01 4.289733333333333176e-01 2.888399999999999301e-01 5.759333333333332972e-01 6.620666666666666922e-01 -3.445466666666666677e-01 -1.979466666666666597e-01 7.638666666666665828e-01 2.724666666666667597e-02 9.391333333333330702e-02 5.748666666666666369e-01 4.804666666666665420e-01 8.608666666666665856e-02 3.526666666666666838e-01 6.500666666666667926e-01 1.018733333333333158e-01 -1.041866666666666635e-01 5.343333333333333268e-01 2.070666666666666766e-01
4.325333333333334362e-01 4.443999999999999617e-01 4.845333333333332604e-01 6.910666666666666069e-01 3.445753333333333446e-01 2.873533333333332940e-01 1.530133333333333345e-01 3.159333333333333993e-01 2.525933333333333364e-01 4.949600000000000111e-01 -6.190933333333333705e-02 -2.583333333333333662e-02 2.473859999999999670e-01 1.714000000000000246e-02 2.544679999999999720e-01 2.390466666666666573e-01 -8.040666666666662979e-03 2.253333333333333577e-01 4.105999999999999650e-01 1.457033333333333791e-01 2.181200000000000083e-01 1.973420666666667045e-01 8.746666666666669948e-03 2.224933333333333763e-01 2.930533333333332768e-01 1.929313333333332880e-01 4.782666666666665622e-01 5.314666666666666428e-01 5.695533333333332449e-01 1.000000000000000000e+00 5.437266666666665804e-01 4.792000000000001259e-01 2.838533333333333464e-01 4.882666666666667932e-01 2.273600000000000065e-01 4.172666666666666191e-01 5.589999999999999414e-01 -7.346666666666663847e-02 -7.971333333333335477e-03 3.865599999999999037e-01 1.319800000000000140e-01 2.358766666666666512e-01 4.583466666666666245e-01 3.835333333333333927e-01 1.922933333333333439e-01 3.761779999999999569e-01 4.448666666666666880e-01 2.168000000000000205e-01 1.275133333333333396e-01 3.866733333333332578e-01 2.686666666666666647e-01
4.143333333333333868e-01 3.312333333333333241e-01 3.923399999999999666e-01 3.548400000000000443e-01 4.793333333333332780e-01 2.049933333333333330e-01 1.585726666666666396e-01 4.267333333333332979e-01 2.208733333333333104e-01 4.057333333333332792e-01 2.396666666666667084e-02 1.197799999999999976e-01 1.839533333333333298e-01 9.137613333333333143e-02 2.071266666666666534e-01 2.700666666666666771e-01 5.225333333333333913e-02 2.973999999999999422e-01 2.598133333333332851e-01 -5.921333333333333310e-02 2.632266666666666644e-01 1.423726666666666751e-01 9.799066666666664260e-02 2.398266666666666880e-01 3.600666666666666599e-02 1.782370666666666659e-01 4.630666666666666820e-01 4.713333333333334374e-01 5.182666666666666533e-01 5.437266666666665804e-01 1.000000000000000000e+00 4.793333333333333335e-01 3.223733333333334006e-01 5.456666666666667442e-01 2.461466666666666525e-01 3.775999999999999912e-01 5.063333333333334130e-01 1.222000000000000516e-02 1.066866666666666658e-01 3.622400000000000064e-01 1.887266666666666814e-01 1.819319999999999549e-01 4.512000000000000455e-01 2.358892666666666527e-01 -3.894666666666670406e-03 4.614000000000000323e-01 3.837333333333333152e-01 3.238333333333333619e-01 2.351333333333333608e-01 3.881733333333333147e-01 3.598533333333332751e-02
